set title "My Title"
set xrange [0.0: 800.0]
set yrange [0.0: 800.0]
unset key
set size square
plot -400
set style line 1 lc rgb 'black' pt 5   # square
plot '-' w p ls 1
423 502
417 616
125 589
464 581
279 567
398 249
473 224
141 489
244 478
224 320
419 457
411 616
88 581
465 572
243 560
388 146
474 125
96 465
201 446
197 238
395 400
401 620
19 586
463 565
192 543
355 33
465 37
13 455
143 429
144 166
381 354
402 624
19 615
469 559
202 499
323 -69
434 -8
7 461
163 432
138 135
386 375
405 620
19 616
470 559
219 496
320 -82
410 -8
13 445
187 420
140 132
407 398
406 616
28 599
471 562
237 510
303 -146
374 -44
40 406
204 387
153 95
412 395
407 619
41 579
468 562
225 532
298 -140
374 -55
49 399
187 385
165 91
412 377
406 619
61 576
469 559
217 542
292 -147
383 -88
69 411
167 406
185 107
399 365
405 622
49 608
468 560
219 512
303 -129
426 -112
49 447
189 429
171 144
392 392
409 625
33 613
466 563
231 501
335 -120
470 -98
30 456
211 420
150 142
404 404
407 624
35 593
468 563
230 518
346 -120
476 -73
30 431
200 399
155 124
410 390
407 623
45 575
472 566
216 538
364 -112
482 -19
39 411
173 401
165 120
399 374
407 623
48 592
469 565
211 522
362 -116
470 -3
45 424
173 419
166 131
394 383
408 620
38 602
467 563
219 511
364 -108
448 6
37 440
187 421
157 144
400 392
408 620
38 590
468 563
222 519
365 -92
431 -11
33 436
187 408
160 145
405 386
407 620
43 583
469 562
217 529
369 -72
428 -34
38 424
176 407
172 147
397 376
408 618
47 592
467 562
214 521
375 -55
440 -55
42 422
176 415
179 149
393 382
408 619
39 600
467 562
220 512
382 -38
449 -62
40 433
185 414
181 146
398 391
408 618
36 594
467 560
223 518
386 -30
457 -55
35 441
187 403
180 131
400 387
407 618
41 586
467 561
217 528
389 -25
454 -37
33 433
178 401
179 119
397 379
406 618
43 590
468 561
213 526
389 -18
435 -25
39 422
175 412
176 121
392 381
405 619
38 599
468 561
218 515
386 -17
415 -24
43 424
188 416
169 124
404 405
409 621
25 593
468 563
229 514
358 -19
381 -42
35 447
199 398
155 103
408 403
409 622
39 579
469 561
224 533
342 -44
390 -68
29 451
188 390
-457955 -457982
406 388
409 622
46 577
470 563
218 537
328 -69
409 -85
29 438
174 400
-708742 -708758
398 380
408 622
48 588
470 562
214 527
312 -92
431 -92
36 425
174 415
-876448 -876457
395 385
410 621
41 599
468 563
222 518
299 -109
447 -83
41 420
185 415
-997353 -997358
400 395
410 622
37 595
469 564
226 522
292 -122
455 -64
41 428
189 406
-1086666 -1086670
407 393
409 620
43 586
469 566
220 532
294 -133
454 -45
37 439
179 400
-1151395 -1151398
404 381
407 621
46 588
469 567
215 531
306 -139
447 -31
32 436
174 408
-896329 -896302
e
exit