set title "My Title"
set xrange [0.0: 800.0]
set yrange [0.0: 800.0]
unset key
set size square
plot -400
set style line 1 lc rgb 'black' pt 5   # square
plot '-' w p ls 1
129 101
191 251
191 252
191 253
191 254
191 255
191 256
191 257
191 258
191 259
191 260
191 261
191 262
191 263
191 264
191 265
191 266
191 267
191 268
191 269
191 270
191 271
191 272
191 273
191 274
191 275
191 276
191 277
191 278
191 279
191 280
191 281
191 282
191 283
191 284
191 285
191 286
191 287
191 288
191 289
191 290
191 291
191 292
191 293
191 294
191 295
191 296
191 297
191 298
191 299
191 300
191 301
191 302
191 303
191 304
191 305
191 306
191 307
191 308
191 309
191 310
191 491
191 492
191 494
191 495
191 496
191 500
191 501
191 503
191 504
191 506
191 507
191 508
191 509
191 510
191 511
191 513
191 514
191 517
191 518
191 519
191 520
191 521
191 522
191 523
191 524
191 525
191 526
191 527
191 528
191 529
191 530
191 531
191 532
191 533
191 534
191 536
191 537
191 538
191 539
191 540
191 541
191 542
191 543
191 544
191 545
191 546
191 547
191 548
191 549
192 251
192 252
192 253
192 254
192 255
192 256
192 257
192 258
192 259
192 260
192 261
192 262
192 263
192 264
192 265
192 266
192 267
192 268
192 269
192 270
192 271
192 272
192 273
192 274
192 275
192 276
192 277
192 278
192 279
192 280
192 281
192 282
192 283
192 284
192 285
192 286
192 287
192 288
192 289
192 290
192 291
192 292
192 293
192 294
192 295
192 296
192 297
192 298
192 299
192 300
192 301
192 302
192 303
192 304
192 305
192 306
192 307
192 308
192 309
192 310
192 491
192 493
192 494
192 495
192 496
192 500
192 501
192 502
192 503
192 504
192 506
192 507
192 508
192 509
192 510
192 513
192 514
192 515
192 516
192 517
192 518
192 519
192 520
192 521
192 522
192 523
192 524
192 525
192 526
192 527
192 529
192 530
192 531
192 532
192 533
192 534
192 535
192 536
192 537
192 538
192 539
192 540
192 541
192 542
192 543
192 544
192 545
192 546
192 547
192 548
192 549
193 251
193 252
193 253
193 254
193 255
193 256
193 257
193 258
193 259
193 260
193 261
193 262
193 263
193 264
193 265
193 266
193 267
193 268
193 269
193 270
193 271
193 272
193 273
193 274
193 275
193 276
193 277
193 278
193 279
193 280
193 281
193 282
193 283
193 284
193 285
193 286
193 287
193 288
193 289
193 290
193 291
193 292
193 293
193 294
193 295
193 296
193 297
193 298
193 299
193 300
193 301
193 302
193 303
193 304
193 305
193 306
193 307
193 308
193 309
193 310
193 491
193 492
193 493
193 494
193 495
193 496
193 500
193 501
193 502
193 503
193 504
193 505
193 506
193 507
193 508
193 509
193 510
193 511
193 513
193 514
193 515
193 516
193 517
193 518
193 520
193 521
193 522
193 523
193 524
193 525
193 526
193 527
193 528
193 529
193 530
193 532
193 533
193 534
193 535
193 536
193 537
193 538
193 539
193 540
193 541
193 543
193 546
193 547
194 251
194 252
194 253
194 254
194 255
194 256
194 257
194 258
194 259
194 260
194 261
194 262
194 263
194 264
194 265
194 266
194 267
194 268
194 269
194 270
194 271
194 272
194 273
194 274
194 275
194 276
194 277
194 278
194 279
194 280
194 281
194 282
194 283
194 284
194 285
194 286
194 287
194 288
194 289
194 290
194 291
194 292
194 293
194 294
194 295
194 296
194 297
194 298
194 299
194 300
194 301
194 302
194 303
194 304
194 305
194 306
194 307
194 308
194 309
194 310
194 513
194 514
194 515
194 517
194 518
194 520
194 521
194 522
194 523
194 524
194 525
194 526
194 527
194 528
194 529
194 531
194 532
194 533
194 534
194 535
194 536
194 537
194 539
194 541
194 542
194 545
194 546
194 547
194 548
194 549
195 251
195 252
195 253
195 254
195 255
195 256
195 257
195 258
195 259
195 260
195 261
195 262
195 263
195 264
195 265
195 266
195 267
195 268
195 269
195 270
195 271
195 272
195 273
195 274
195 275
195 276
195 277
195 278
195 279
195 280
195 281
195 282
195 283
195 284
195 285
195 286
195 287
195 288
195 289
195 290
195 291
195 292
195 293
195 294
195 295
195 296
195 297
195 298
195 299
195 300
195 301
195 302
195 303
195 304
195 305
195 306
195 307
195 308
195 309
195 310
195 491
195 513
195 515
195 516
195 518
195 520
195 521
195 522
195 523
195 524
195 525
195 526
195 527
195 528
195 529
195 530
195 531
195 532
195 533
195 534
195 535
195 536
195 537
195 538
195 539
195 540
195 541
195 542
195 544
195 545
195 548
195 549
196 251
196 252
196 253
196 254
196 255
196 256
196 257
196 258
196 259
196 260
196 261
196 262
196 263
196 264
196 265
196 266
196 267
196 268
196 269
196 270
196 271
196 272
196 273
196 274
196 275
196 276
196 277
196 278
196 279
196 280
196 281
196 282
196 283
196 284
196 285
196 286
196 287
196 288
196 289
196 290
196 291
196 292
196 293
196 294
196 295
196 296
196 297
196 298
196 299
196 300
196 301
196 302
196 303
196 304
196 305
196 306
196 307
196 308
196 309
196 310
196 524
196 527
196 528
196 529
196 531
196 532
196 533
196 534
196 535
196 536
196 538
196 539
196 541
196 542
196 543
196 544
196 546
196 547
196 548
196 549
197 251
197 252
197 253
197 254
197 255
197 256
197 257
197 258
197 259
197 260
197 261
197 262
197 263
197 264
197 265
197 266
197 267
197 268
197 269
197 270
197 271
197 272
197 273
197 274
197 275
197 276
197 277
197 278
197 279
197 280
197 281
197 282
197 283
197 284
197 285
197 286
197 287
197 288
197 289
197 290
197 291
197 292
197 293
197 294
197 295
197 296
197 297
197 298
197 299
197 300
197 301
197 302
197 303
197 304
197 305
197 306
197 307
197 308
197 309
197 310
197 538
197 539
197 540
197 541
197 542
197 543
197 544
197 546
197 547
197 548
197 549
198 251
198 252
198 253
198 254
198 255
198 256
198 257
198 258
198 259
198 260
198 261
198 262
198 263
198 264
198 265
198 266
198 267
198 268
198 269
198 270
198 271
198 272
198 273
198 274
198 275
198 276
198 277
198 278
198 279
198 280
198 281
198 282
198 283
198 284
198 285
198 286
198 287
198 288
198 289
198 290
198 291
198 292
198 293
198 294
198 295
198 296
198 297
198 298
198 299
198 300
198 301
198 302
198 303
198 304
198 305
198 306
198 307
198 308
198 309
198 310
199 251
199 252
199 253
199 254
199 255
199 256
199 257
199 258
199 259
199 260
199 261
199 262
199 263
199 264
199 265
199 266
199 267
199 268
199 269
199 270
199 271
199 272
199 273
199 274
199 275
199 276
199 277
199 278
199 279
199 280
199 281
199 282
199 283
199 284
199 285
199 286
199 287
199 288
199 289
199 290
199 291
199 292
199 293
199 294
199 295
199 296
199 297
199 298
199 299
199 300
199 301
199 302
199 303
199 304
199 305
199 307
199 308
199 309
199 310
200 251
200 252
200 253
200 254
200 255
200 256
200 257
200 258
200 259
200 260
200 261
200 262
200 263
200 264
200 265
200 266
200 267
200 268
200 269
200 270
200 271
200 272
200 273
200 274
200 275
200 276
200 277
200 278
200 279
200 280
200 281
200 282
200 283
200 284
200 285
200 286
200 287
200 288
200 289
200 290
200 291
200 292
200 293
200 294
200 295
200 296
200 297
200 298
200 299
200 300
200 301
200 302
200 303
200 304
200 305
200 306
200 307
200 308
200 309
200 310
201 251
201 252
201 253
201 254
201 255
201 256
201 257
201 258
201 259
201 260
201 261
201 262
201 263
201 264
201 265
201 266
201 267
201 268
201 269
201 270
201 271
201 272
201 273
201 274
201 275
201 276
201 277
201 278
201 279
201 280
201 281
201 282
201 283
201 284
201 285
201 286
201 287
201 288
201 289
201 290
201 292
201 293
201 294
201 295
201 296
201 297
201 298
201 299
201 300
201 301
201 302
201 303
201 304
201 305
201 306
201 307
201 308
201 309
201 310
202 251
202 252
202 253
202 254
202 255
202 256
202 257
202 258
202 259
202 260
202 261
202 262
202 263
202 264
202 265
202 266
202 267
202 268
202 269
202 270
202 271
202 272
202 273
202 274
202 275
202 276
202 277
202 278
202 279
202 280
202 281
202 282
202 283
202 284
202 285
202 286
202 287
202 288
202 289
202 290
202 291
202 292
202 293
202 294
202 295
202 296
202 297
202 298
202 299
202 300
202 301
202 302
202 303
202 304
202 305
202 306
202 307
202 308
202 309
203 251
203 252
203 253
203 254
203 255
203 256
203 257
203 258
203 259
203 260
203 261
203 262
203 263
203 264
203 265
203 266
203 267
203 268
203 269
203 270
203 271
203 272
203 273
203 274
203 275
203 276
203 277
203 278
203 279
203 280
203 281
203 282
203 283
203 284
203 285
203 286
203 287
203 288
203 289
203 291
203 292
203 293
203 294
203 295
203 296
203 297
203 298
203 299
203 300
203 301
203 302
203 303
203 304
203 305
203 306
203 307
203 308
203 309
203 310
204 251
204 252
204 253
204 254
204 255
204 256
204 257
204 258
204 259
204 260
204 261
204 262
204 263
204 264
204 265
204 266
204 267
204 268
204 269
204 270
204 271
204 272
204 273
204 274
204 275
204 276
204 277
204 278
204 279
204 280
204 281
204 282
204 283
204 284
204 285
204 286
204 287
204 288
204 289
204 290
204 291
204 292
204 293
204 294
204 295
204 296
204 297
204 298
204 299
204 300
204 301
204 303
204 304
204 305
204 306
204 307
204 308
204 309
204 310
205 251
205 252
205 253
205 254
205 255
205 256
205 257
205 258
205 259
205 260
205 261
205 262
205 263
205 264
205 265
205 266
205 267
205 268
205 269
205 270
205 271
205 272
205 273
205 274
205 275
205 276
205 277
205 278
205 279
205 280
205 281
205 282
205 283
205 284
205 285
205 286
205 287
205 288
205 289
205 290
205 291
205 292
205 293
205 294
205 295
205 296
205 297
205 298
205 300
205 301
205 302
205 303
205 305
205 306
205 307
205 308
205 309
205 310
206 251
206 252
206 253
206 254
206 255
206 256
206 257
206 258
206 259
206 260
206 261
206 262
206 263
206 264
206 265
206 266
206 267
206 268
206 269
206 270
206 271
206 272
206 273
206 274
206 275
206 276
206 277
206 278
206 279
206 280
206 281
206 282
206 283
206 284
206 285
206 286
206 287
206 288
206 289
206 290
206 291
206 292
206 293
206 294
206 295
206 296
206 297
206 298
206 299
206 300
206 301
206 302
206 304
206 305
206 306
206 307
206 308
206 309
206 310
207 251
207 252
207 253
207 254
207 255
207 256
207 257
207 258
207 259
207 260
207 261
207 262
207 263
207 264
207 265
207 266
207 267
207 268
207 269
207 270
207 271
207 272
207 273
207 274
207 275
207 276
207 277
207 278
207 279
207 280
207 281
207 282
207 283
207 284
207 285
207 286
207 287
207 288
207 289
207 290
207 291
207 292
207 293
207 294
207 295
207 297
207 298
207 299
207 300
207 301
207 302
207 303
207 304
207 305
207 306
207 307
207 308
207 309
207 310
208 251
208 252
208 253
208 254
208 255
208 256
208 257
208 258
208 259
208 260
208 261
208 262
208 263
208 264
208 265
208 266
208 267
208 268
208 269
208 270
208 271
208 272
208 273
208 274
208 275
208 276
208 277
208 278
208 279
208 280
208 281
208 282
208 283
208 284
208 285
208 286
208 287
208 288
208 289
208 290
208 291
208 292
208 293
208 294
208 295
208 296
208 297
208 298
208 299
208 300
208 301
208 302
208 303
208 304
208 305
208 307
208 308
208 309
208 310
209 251
209 252
209 253
209 254
209 255
209 256
209 257
209 258
209 259
209 260
209 261
209 262
209 263
209 264
209 265
209 266
209 267
209 268
209 269
209 270
209 271
209 272
209 273
209 274
209 275
209 276
209 277
209 278
209 279
209 280
209 281
209 282
209 283
209 284
209 285
209 286
209 287
209 288
209 289
209 290
209 291
209 292
209 293
209 294
209 295
209 296
209 297
209 298
209 299
209 300
209 301
209 302
209 304
209 305
209 306
209 307
209 309
209 310
210 251
210 252
210 253
210 254
210 255
210 256
210 257
210 258
210 259
210 260
210 261
210 262
210 263
210 264
210 265
210 266
210 267
210 268
210 269
210 270
210 271
210 272
210 273
210 274
210 275
210 276
210 277
210 278
210 279
210 280
210 281
210 282
210 283
210 284
210 285
210 286
210 287
210 288
210 289
210 290
210 291
210 292
210 293
210 294
210 295
210 296
210 297
210 298
210 299
210 300
210 301
210 302
210 303
210 304
210 305
210 307
210 308
210 309
210 310
211 251
211 252
211 253
211 254
211 255
211 256
211 257
211 258
211 259
211 260
211 261
211 262
211 263
211 264
211 265
211 266
211 267
211 268
211 269
211 270
211 271
211 272
211 274
211 275
211 276
211 277
211 278
211 279
211 280
211 281
211 282
211 283
211 284
211 285
211 286
211 287
211 288
211 289
211 290
211 291
211 292
211 294
211 295
211 297
211 298
211 299
211 300
211 301
211 302
211 303
211 305
211 306
211 308
211 309
211 310
212 251
212 252
212 253
212 254
212 255
212 256
212 257
212 258
212 259
212 260
212 261
212 262
212 263
212 264
212 265
212 266
212 267
212 268
212 269
212 270
212 271
212 272
212 273
212 274
212 275
212 276
212 277
212 278
212 279
212 280
212 281
212 282
212 283
212 284
212 285
212 286
212 287
212 288
212 289
212 290
212 291
212 292
212 293
212 294
212 295
212 296
212 297
212 298
212 299
212 300
212 301
212 304
212 305
212 306
212 307
212 309
212 310
213 251
213 252
213 253
213 254
213 255
213 256
213 257
213 258
213 259
213 260
213 261
213 262
213 263
213 264
213 265
213 266
213 267
213 268
213 269
213 270
213 271
213 272
213 273
213 274
213 275
213 276
213 277
213 278
213 279
213 280
213 281
213 282
213 284
213 285
213 287
213 288
213 289
213 290
213 291
213 292
213 293
213 294
213 295
213 296
213 297
213 299
213 300
213 301
213 302
213 304
213 306
213 307
213 309
213 310
214 251
214 252
214 253
214 254
214 255
214 256
214 257
214 258
214 259
214 260
214 261
214 262
214 263
214 264
214 265
214 266
214 267
214 268
214 269
214 270
214 271
214 272
214 273
214 274
214 275
214 276
214 277
214 278
214 279
214 280
214 281
214 282
214 283
214 284
214 285
214 286
214 287
214 288
214 289
214 290
214 291
214 292
214 293
214 294
214 295
214 296
214 297
214 298
214 299
214 300
214 301
214 303
214 304
214 305
214 306
214 307
214 308
214 309
214 310
215 251
215 252
215 253
215 254
215 255
215 256
215 257
215 258
215 259
215 260
215 261
215 262
215 263
215 264
215 265
215 266
215 267
215 268
215 270
215 271
215 272
215 273
215 274
215 275
215 276
215 277
215 278
215 279
215 280
215 281
215 282
215 283
215 284
215 285
215 286
215 287
215 288
215 289
215 290
215 292
215 293
215 294
215 295
215 296
215 297
215 298
215 299
215 300
215 301
215 302
215 304
215 305
215 306
215 307
215 308
215 310
216 251
216 252
216 253
216 254
216 255
216 256
216 257
216 258
216 259
216 260
216 261
216 262
216 263
216 264
216 265
216 266
216 267
216 268
216 269
216 270
216 271
216 273
216 274
216 275
216 276
216 277
216 278
216 279
216 280
216 281
216 282
216 283
216 284
216 286
216 287
216 288
216 289
216 290
216 291
216 292
216 293
216 294
216 295
216 296
216 298
216 299
216 300
216 301
216 304
216 305
216 306
216 307
216 308
216 309
216 310
217 251
217 252
217 253
217 254
217 256
217 257
217 258
217 259
217 260
217 261
217 262
217 263
217 264
217 265
217 266
217 267
217 268
217 269
217 270
217 271
217 272
217 273
217 275
217 276
217 277
217 278
217 279
217 280
217 281
217 282
217 283
217 284
217 285
217 287
217 288
217 289
217 290
217 291
217 292
217 294
217 295
217 296
217 297
217 298
217 301
217 302
217 303
217 305
217 306
217 307
217 308
217 309
218 251
218 252
218 253
218 254
218 257
218 258
218 260
218 262
218 263
218 264
218 265
218 266
218 267
218 268
218 269
218 270
218 271
218 272
218 273
218 274
218 275
218 276
218 277
218 278
218 279
218 280
218 281
218 282
218 284
218 285
218 287
218 288
218 289
218 290
218 291
218 292
218 293
218 295
218 296
218 297
218 298
218 300
218 301
218 302
218 304
218 305
218 306
218 307
218 308
218 309
218 310
219 251
219 252
219 253
219 254
219 255
219 256
219 257
219 258
219 259
219 260
219 261
219 262
219 263
219 265
219 266
219 267
219 268
219 269
219 270
219 271
219 272
219 273
219 274
219 275
219 277
219 278
219 279
219 280
219 281
219 282
219 283
219 284
219 285
219 286
219 287
219 288
219 289
219 290
219 291
219 292
219 294
219 295
219 296
219 300
219 301
220 251
220 252
220 253
220 255
220 256
220 258
220 259
220 260
220 261
220 262
220 264
220 265
220 266
220 267
220 268
220 269
220 270
220 271
220 272
220 273
220 274
220 275
220 276
220 277
220 278
220 279
220 280
220 281
220 282
220 284
220 285
220 287
220 288
220 289
220 290
220 291
220 292
220 294
220 295
220 296
220 300
220 301
220 302
221 251
221 252
221 253
221 254
221 255
221 256
221 257
221 258
221 259
221 260
221 261
221 262
221 263
221 264
221 265
221 266
221 267
221 268
221 269
221 270
221 271
221 272
221 273
221 274
221 275
221 276
221 277
221 278
221 279
221 280
221 281
221 282
221 283
221 284
221 285
221 287
221 288
221 289
221 290
221 291
221 292
221 293
221 294
221 295
221 296
221 300
221 301
221 302
222 251
222 252
222 253
222 254
222 255
222 256
222 258
222 259
222 260
222 261
222 262
222 263
222 264
222 265
222 266
222 267
222 268
222 269
222 270
222 271
222 272
222 274
222 275
222 276
222 277
222 278
222 279
222 280
222 281
222 282
222 283
222 285
222 286
222 287
222 288
222 289
222 291
222 292
222 293
222 294
222 296
222 300
222 301
222 302
223 251
223 252
223 253
223 255
223 256
223 258
223 259
223 260
223 261
223 262
223 263
223 264
223 265
223 266
223 267
223 268
223 269
223 270
223 271
223 272
223 273
223 274
223 275
223 276
223 277
223 278
223 279
223 280
223 281
223 282
223 283
223 284
223 285
223 287
223 288
223 289
223 290
223 291
223 292
223 293
223 294
223 295
223 296
223 300
223 301
223 302
224 251
224 252
224 253
224 254
224 255
224 256
224 257
224 258
224 259
224 260
224 261
224 262
224 263
224 264
224 265
224 266
224 267
224 268
224 269
224 270
224 271
224 272
224 273
224 274
224 275
224 276
224 277
224 278
224 279
224 281
224 282
224 283
224 284
224 285
224 286
224 288
224 290
224 291
224 292
224 293
224 294
224 295
225 251
225 252
225 253
225 254
225 255
225 256
225 257
225 258
225 259
225 260
225 261
225 264
225 265
225 266
225 267
225 268
225 269
225 270
225 271
225 272
225 273
225 274
225 276
225 277
225 278
225 279
225 281
225 282
225 283
225 284
225 285
225 286
225 287
225 288
225 289
225 290
225 291
225 292
225 293
225 294
225 295
226 251
226 252
226 253
226 256
226 257
226 258
226 260
226 261
226 262
226 263
226 265
226 267
226 269
226 270
226 271
226 272
226 273
226 274
226 275
226 277
226 278
226 280
226 281
226 282
226 283
226 284
226 286
226 287
226 288
226 289
226 291
226 292
226 293
226 294
226 295
227 251
227 252
227 253
227 254
227 255
227 256
227 257
227 258
227 259
227 260
227 261
227 262
227 263
227 265
227 266
227 267
227 268
227 269
227 270
227 271
227 273
227 274
227 275
227 276
227 277
227 278
227 279
227 280
227 282
227 283
227 284
227 286
227 287
227 288
227 289
227 290
227 291
227 292
227 293
227 294
227 295
228 251
228 252
228 253
228 254
228 255
228 256
228 257
228 258
228 259
228 260
228 261
228 263
228 264
228 266
228 267
228 268
228 269
228 270
228 271
228 272
228 273
228 274
228 276
228 277
228 278
228 279
228 283
228 284
228 286
228 287
228 288
228 290
228 291
228 292
228 293
228 294
228 295
229 251
229 253
229 254
229 255
229 256
229 257
229 258
229 259
229 260
229 261
229 262
229 263
229 264
229 265
229 266
229 267
229 268
229 271
229 272
229 273
229 274
229 275
229 276
229 277
229 278
229 279
229 280
229 281
229 282
229 283
229 284
229 285
229 286
229 287
229 289
229 290
229 291
229 292
229 294
229 295
230 251
230 253
230 254
230 255
230 256
230 257
230 258
230 260
230 261
230 262
230 263
230 264
230 265
230 267
230 268
230 269
230 270
230 271
230 272
230 273
230 274
230 275
230 277
230 278
230 279
230 280
230 283
230 284
230 285
230 286
230 287
230 288
230 291
230 292
230 293
230 295
231 252
231 253
231 254
231 255
231 256
231 257
231 258
231 259
231 260
231 261
231 262
231 263
231 264
231 265
231 266
231 267
231 269
231 270
231 271
231 272
231 273
231 274
231 275
231 276
231 277
231 278
231 279
231 280
231 281
231 282
231 283
231 284
231 285
231 286
231 287
231 288
231 289
231 290
231 291
231 292
231 293
231 294
231 295
232 251
232 252
232 253
232 254
232 255
232 256
232 257
232 259
232 260
232 261
232 262
232 263
232 264
232 266
232 267
232 268
232 269
232 270
232 271
232 272
232 273
232 274
232 275
232 276
232 277
232 278
232 279
232 280
232 281
232 282
232 283
232 284
232 285
232 286
232 287
232 288
232 289
232 290
232 291
232 292
232 293
232 295
233 251
233 253
233 254
233 255
233 256
233 257
233 258
233 259
233 260
233 261
233 262
233 264
233 265
233 268
233 270
233 271
233 272
233 273
233 274
233 275
233 276
233 277
233 278
233 280
233 281
233 282
233 283
233 284
233 285
233 286
233 287
233 288
233 289
233 290
233 291
233 293
233 295
234 251
234 252
234 253
234 254
234 255
234 256
234 257
234 258
234 259
234 260
234 261
234 262
234 263
234 264
234 265
234 266
234 267
234 268
234 270
234 271
234 273
234 274
234 275
234 276
234 277
234 279
234 280
234 281
234 282
234 284
234 285
234 286
234 287
234 288
234 289
234 291
234 292
234 293
234 294
234 295
235 251
235 252
235 253
235 254
235 255
235 256
235 257
235 258
235 259
235 260
235 261
235 262
235 264
235 265
235 266
235 267
235 268
235 269
235 270
235 271
235 272
235 273
235 274
235 275
235 276
235 277
235 278
235 279
235 280
235 281
235 282
235 283
235 284
235 285
235 286
235 287
235 288
235 289
235 290
235 291
235 293
235 294
235 295
236 251
236 252
236 253
236 254
236 255
236 256
236 258
236 259
236 260
236 261
236 262
236 263
236 264
236 265
236 266
236 267
236 268
236 269
236 270
236 271
236 272
236 273
236 274
236 275
236 276
236 277
236 278
236 280
236 281
236 282
236 283
236 284
237 251
237 253
237 255
237 256
237 258
237 259
237 260
237 261
237 274
237 275
237 276
237 277
237 278
237 279
237 280
238 251
238 252
238 253
238 254
238 255
238 258
238 259
238 261
238 274
238 277
238 278
238 279
239 251
239 254
239 256
239 257
239 258
239 259
239 260
239 261
239 274
239 275
239 277
239 279
239 280
240 251
240 252
240 253
240 254
240 255
240 257
240 258
240 259
240 260
240 261
240 275
240 276
240 278
240 279
240 280
241 251
241 252
241 253
241 254
241 255
241 257
241 258
241 259
241 260
241 261
241 274
241 275
241 276
241 277
241 278
241 279
242 251
242 252
242 254
242 255
242 256
242 257
242 258
242 259
242 260
242 261
242 274
242 275
242 276
242 277
242 278
242 279
242 280
243 251
243 252
243 253
243 254
243 255
243 256
243 257
243 258
243 259
243 261
243 274
243 275
243 276
243 277
243 278
243 279
243 280
244 251
244 252
244 253
244 254
244 255
244 256
244 257
244 259
244 260
244 274
244 275
244 276
244 277
244 279
244 280
245 251
245 252
245 253
245 254
245 255
245 256
245 258
245 259
245 261
245 276
245 277
245 278
245 279
245 280
246 251
246 252
246 253
246 254
246 255
246 256
246 257
246 258
246 259
246 260
246 261
246 274
246 275
246 276
246 277
246 278
246 280
247 251
247 252
247 253
247 254
247 255
247 258
247 260
247 261
248 251
248 252
249 251
249 252
249 253
249 254
250 251
250 252
250 253
250 254
251 191
251 192
251 193
251 194
251 196
251 197
251 198
251 199
251 200
251 201
251 202
251 203
251 204
251 205
251 206
251 207
251 209
251 210
251 211
251 212
251 213
251 214
251 216
251 218
251 219
251 220
251 221
251 222
251 223
251 225
251 226
251 227
251 228
251 229
251 230
251 231
251 233
251 234
251 235
251 237
251 238
251 239
251 240
251 241
251 242
251 243
251 244
251 245
251 246
251 247
251 248
251 249
251 250
251 251
251 253
251 254
252 191
252 192
252 193
252 194
252 195
252 196
252 197
252 198
252 199
252 200
252 201
252 202
252 204
252 205
252 206
252 208
252 209
252 211
252 212
252 213
252 214
252 215
252 216
252 217
252 219
252 220
252 221
252 222
252 224
252 225
252 228
252 229
252 230
252 231
252 232
252 233
252 234
252 235
252 236
252 237
252 238
252 239
252 241
252 242
252 243
252 245
252 246
252 247
252 248
252 249
252 250
252 251
252 253
252 254
253 196
253 197
253 198
253 199
253 200
253 201
253 202
253 203
253 204
253 205
253 206
253 207
253 208
253 209
253 210
253 211
253 212
253 213
253 214
253 215
253 216
253 218
253 219
253 222
253 223
253 225
253 226
253 227
253 228
254 196
254 197
254 199
254 201
254 202
254 203
254 204
254 205
254 206
254 207
254 208
254 209
254 210
254 211
254 213
254 215
254 216
254 217
254 218
254 219
254 220
254 221
254 222
254 223
254 224
254 225
254 226
254 227
254 228
255 196
255 197
255 198
255 199
255 201
255 202
255 203
255 206
255 207
255 208
255 211
255 212
255 213
255 215
255 216
255 217
255 218
255 219
255 220
255 222
255 223
255 224
255 225
255 226
255 227
255 228
256 196
256 197
256 198
256 199
256 200
256 201
256 202
256 203
256 204
256 205
256 207
256 208
256 209
256 211
256 212
256 213
256 214
256 215
256 216
256 217
256 218
256 219
256 220
256 221
256 222
256 223
256 224
256 225
256 227
257 196
257 197
257 198
257 199
257 200
257 201
257 202
257 203
257 206
257 207
257 208
257 209
257 211
257 212
257 213
257 215
257 216
257 217
257 218
257 219
257 220
257 221
257 222
257 223
257 224
257 226
258 196
258 198
258 199
258 200
258 201
258 202
258 203
259 196
259 197
259 198
259 199
259 200
259 201
259 202
259 203
260 196
260 197
260 198
260 199
260 200
260 201
260 202
260 203
e
exit