set title "My Title"
set xrange [-400.0: 400.0]
set yrange [-400.0: 400.0]
unset key
set size square
plot -400
set style line 1 lc rgb 'black' pt 5   # square
plot '-' w p ls 1
-150, -210
-149, -210
-148, -210
-93, -210
-92, -210
-91, -210
90, -210
91, -210
92, -210
147, -210
148, -210
149, -210
-150, -209
-149, -209
-92, -209
-91, -209
90, -209
91, -209
148, -209
149, -209
-150, -208
-91, -208
90, -208
149, -208
-151, -153
150, -153
-152, -152
-151, -152
150, -152
151, -152
-153, -151
-152, -151
-151, -151
150, -151
151, -151
152, -151
-210, -150
-209, -150
-208, -150
207, -150
208, -150
209, -150
-210, -149
-209, -149
208, -149
209, -149
-210, -148
209, -148
-210, -93
-91, -93
90, -93
209, -93
-210, -92
-209, -92
-92, -92
-91, -92
90, -92
91, -92
208, -92
209, -92
-210, -91
-209, -91
-208, -91
-93, -91
-92, -91
-91, -91
90, -91
91, -91
92, -91
207, -91
208, -91
209, -91
-10, -60
-9, -60
-8, -60
7, -60
8, -60
9, -60
-10, -59
-9, -59
8, -59
9, -59
-10, -58
9, -58
-10, 57
9, 57
-10, 58
-9, 58
8, 58
9, 58
-10, 59
-9, 59
-8, 59
7, 59
8, 59
9, 59
-210, 90
-209, 90
-208, 90
-93, 90
-92, 90
-91, 90
90, 90
91, 90
92, 90
207, 90
208, 90
209, 90
-210, 91
-209, 91
-92, 91
-91, 91
90, 91
91, 91
208, 91
209, 91
-210, 92
-91, 92
90, 92
209, 92
-210, 147
209, 147
-210, 148
-209, 148
208, 148
209, 148
-210, 149
-209, 149
-208, 149
207, 149
208, 149
209, 149
-153, 150
-152, 150
-151, 150
150, 150
151, 150
152, 150
-152, 151
-151, 151
150, 151
151, 151
-151, 152
150, 152
-150, 207
-91, 207
90, 207
149, 207
-150, 208
-149, 208
-92, 208
-91, 208
90, 208
91, 208
148, 208
149, 208
-150, 209
-149, 209
-148, 209
-93, 209
-92, 209
-91, 209
90, 209
91, 209
92, 209
147, 209
148, 209
149, 209
e
exit
