set title "My Title"
set xrange [0.0: 800.0]
set yrange [0.0: 800.0]
unset key
set size square
plot -400
set style line 1 lc rgb 'black' pt 5   # square
plot '-' w p ls 1
252 549
253 549
254 549
255 549
256 549
257 549
258 549
259 549
260 549
261 549
262 549
263 549
264 549
265 549
266 549
267 549
268 549
269 549
270 549
271 549
272 549
273 549
274 549
275 549
276 549
277 549
278 549
279 549
280 549
281 549
282 549
283 549
284 549
285 549
286 549
287 549
288 549
289 549
290 549
291 549
292 549
293 549
294 549
295 549
296 549
297 549
298 549
299 549
300 549
301 549
302 549
303 549
304 549
305 549
306 549
307 549
308 549
309 549
310 549
311 549
312 549
313 549
314 549
315 549
316 549
317 549
318 549
319 549
320 549
321 549
322 549
323 549
324 549
e
exit